0 0
0 0
0 0
0 0
0 0
0 0
0 0
0 0
0 0
0 0
0 0
0 0
0 0
0 0
0 0
0 0
0 0
0 0
0 0
0 0
0 0
0 0
0 0
0 0
0 0
0 0
395 187
430 213
474 240
501 255
544 276
619 307
671 321
699 327
740 342
786 365
836 397
869 418
886 429
900 438
900 439
900 439
900 439
893 436
835 419
737 403
612 383
530 365
474 350
456 344
468 354
592 380
758 406
822 419
852 428
880 436
900 442
922 447
936 451
945 453
953 454
953 454
952 454
949 453
949 453
961 446
998 436
1030 429
1053 421
1082 410
1107 398
1136 380
1193 351
1273 308
1311 290
1331 281
1353 272
1464 232
1514 215
1515 215
1515 215
1515 215
1396 248
1192 327
1165 335
1163 335
1078 387
1036 407
1035 408
990 423
973 428
963 434
932 456
891 488
870 509
864 515
877 500
920 416
933 345
942 284
952 239
954 233
956 241
976 358
987 430
993 487
995 523
991 559
987 572
986 574
986 574
986 574
986 574
983 545
978 493
971 463
968 448
965 443
961 438
960 437
960 437
960 437
960 437
960 443
960 459
959 468
959 473
959 496
956 520
955 538
955 561
955 589
955 592
955 594
955 594
955 594
955 594
955 594
164 92
164 92
164 92
164 92
164 92
164 92
164 92
318 77
463 161
524 186
524 186
524 186
524 186
524 186
524 186
524 186
524 186
524 186
524 186
524 186
1203 257
1211 292
1150 384
1118 419
1105 426
1098 426
1088 429
1051 442
1024 450
1019 450
1016 450
1020 446
1044 434
1053 429
1059 427
1061 426
1066 424
1080 418
1089 415
1093 413
1093 413
1093 413
1093 413
1093 413
1093 413
1093 413
1093 413
1093 413
1093 413
1093 413
1093 413
1093 413
1093 413
1093 413
1093 413
1093 413
1093 413
1093 413
958 441
958 441
958 441
958 441
958 441
958 441
958 441
958 441
958 441
958 441
969 419
1001 403
1030 383
1059 360
1097 335
1138 307
1202 274
1298 248
1417 239
1473 238
1473 240
1392 276
1230 328
1041 401
890 467
764 513
629 544
501 562
393 574
307 576
238 576
192 572
133 566
52 559
1 557
1 557
0 541
33 446
53 355
73 321
138 324
435 392
728 459
934 502
1074 526
1191 538
1300 547
1412 549
1507 554
1607 558
1635 562
1635 562
1586 553
1288 488
930 370
699 307
537 271
381 267
248 267
173 268
125 269
111 269
111 269
210 274
536 267
846 261
906 261
1054 270
1164 282
1320 294
1456 299
1580 299
1628 296
1602 294
1373 322
1152 399
1037 459
901 489
705 491
506 486
333 476
216 468
126 461
42 448
0 441
0 441
107 444
391 455
647 459
804 457
955 448
1114 444
1280 439
1432 436
1516 436
1540 437
1454 398
1083 311
860 246
738 208
727 175
757 102
800 83
853 162
906 344
914 497
914 590
913 642
912 690
912 731
912 735
912 679
914 466
921 323
923 215
928 151
929 142
930 142
930 142
930 142
930 142
930 142
930 142
930 142
930 142
930 142
930 142
930 142
930 142
930 142
930 142
930 142
930 142
930 142
930 142
930 142
930 142
930 142
930 142
930 142
930 142
930 142
930 142
930 142
930 142
930 142
930 142
930 142
930 142
930 142
930 142
930 142
930 142
930 142
930 142
930 142
930 142
930 142
930 142
930 142
930 142
930 142
930 142
930 142
930 142
930 142
997 384
1005 387
1086 387
1141 387
1214 382
1301 330
1383 259
1443 212
1492 178
1531 155
1576 138
1608 130
1636 159
1677 198
1691 204
1726 210
1759 204
1794 177
1805 157
1806 139
1779 127
1563 121
1238 120
1034 130
908 137
845 141
768 150
683 170
612 180
530 182
432 182
325 184
239 188
187 200
177 217
190 242
265 344
305 409
325 473
336 519
341 544
347 576
358 611
367 640
376 667
390 698
413 715
569 726
746 732
870 734
965 740
1045 746
1101 748
1135 748
1187 743
1258 723
1328 698
1424 616
1480 503
1510 403
1528 336
1545 286
1563 250
1588 210
1622 170
1645 151
1697 122
1757 91
1783 78
1784 77
1723 84
1524 93
1398 95
1299 101
1157 105
1066 107
1056 108
1056 108
1056 108
1056 108
1056 108
1056 108
1056 108
1056 108
1056 108
1056 108
1056 108
1056 108
1056 108
1056 108
1056 108
1056 108
1056 108
1056 108
1056 108
1056 108
1056 108
1056 108
1056 108
1056 108
1056 108
931 368
889 396
868 410
852 420
842 429
835 435
835 435
921 418
1014 398
1054 390
1076 385
1115 376
1180 356
1254 325
1342 290
1433 250
1499 220
1517 212
1518 212
1518 212
1518 212
1489 220
1365 255
1220 280
1111 301
1007 318
930 334
863 345
810 355
761 364
733 369
711 373
711 373
711 373
711 373
711 373
870 419
870 419
870 419
870 419
870 419
870 419
870 419
870 419
870 419
961 440
967 436
993 411
1006 400
1017 391
1018 391
1088 363
1119 352
1165 331
1233 302
1293 277
1342 256
1383 239
1419 226
1449 215
1471 209
1471 208
1471 208
1471 208
1499 195
1511 191
1518 187
1533 179
1540 173
1540 172
1504 155
1389 140
1226 132
1097 130
984 130
873 130
736 137
632 148
550 166
421 181
293 184
194 184
140 185
135 185
135 185
135 185
135 185
135 185
135 185
135 185
135 185
135 185
135 185
993 312
993 312
993 312
993 312
993 312
993 312
993 312
954 413
1040 410
1104 407
1135 397
1171 375
1193 343
1198 298
1193 240
1194 200
1213 173
1274 156
1359 158
1439 188
1540 217
1623 219
1654 213
1690 186
1732 151
1780 110
1822 78
1853 58
1871 44
1871 44
1755 55
1506 60
1349 60
1220 59
1176 58
1142 59
1091 64
1074 68
1074 68
1074 68
1074 68
1074 68
1074 68
1083 69
1116 59
1123 58
1123 58
1134 60
1179 85
1191 99
1192 101
1193 101
1193 101
1196 102
1219 105
1236 109
1275 112
1314 114
1327 116
1330 116
1348 117
1363 118
1365 118
1365 118
1344 123
1238 139
1131 140
1096 141
1091 141
1065 141
1020 143
997 144
987 154
980 185
980 228
980 264
982 287
982 315
990 330
1044 334
1148 330
1254 303
1368 251
1491 187
1598 134
1688 95
1752 69
1758 67
1656 80
1380 109
1161 113
1020 117
941 120
873 136
847 149
847 149
847 149
847 149
847 148
843 147
642 132
370 106
287 86
228 75
227 74
229 73
275 59
338 55
417 48
478 29
523 2
523 2
523 2
523 2
390 68
168 154
133 172
77 180
1 182
1 182
1 182
5 207
311 222
764 231
1120 281
1336 391
1385 573
1353 718
1340 753
1337 807
1337 807
1747 815
1805 840
1880 855
1889 863
1896 864
1904 862
1915 861
1915 861
1915 860
1746 788
1451 681
1247 589
1216 548
1215 530
1210 512
1210 512
1210 512
1210 512
1210 512
1210 512
1210 512
1210 512
1210 512
1210 512
1210 512
1210 512
1210 512
1210 512
1210 512
1210 512
1210 512
1210 512
1210 512
1210 512
1210 512
1210 512
1210 512
1210 512
785 368
892 371
912 371
968 362
1060 330
1146 288
1216 250
1296 213
1349 195
1384 180
1387 179
1376 187
1334 209
1315 216
1280 230
1209 256
1146 283
1097 297
1093 299
1093 299
1091 299
1091 299
1091 299
1072 293
1072 293
1072 293
1072 293
1072 293
1072 293
1072 293
1072 293
1072 293
1072 293
1072 293
1072 293
1072 293
1072 293
1072 293
1072 293
1072 293
1072 293
1072 293
1072 293
1072 293
1072 293
1072 293
1034 404
1019 407
999 411
988 413
986 413
1013 385
1067 351
1097 331
1130 293
1179 253
1230 231
1257 227
1283 232
1316 255
1352 285
1394 271
1441 238
1466 208
1493 167
1506 136
1504 125
1459 95
1425 67
1413 44
1375 27
1287 7
1283 4
1280 1
1245 0
1220 0
1218 0
1215 0
1215 0
1215 0
1215 0
1215 0
1215 0
1215 0
1215 0
1377 2
1419 3
1421 3
1412 59
1411 66
1386 64
1256 52
1188 50
1188 50
1226 69
1350 89
1410 90
1415 90
1415 90
1415 90
1415 90
1415 90
1415 90
1415 90
1415 90
1415 90
1415 90
1415 90
1415 90
1415 90
1415 90
1415 90
1415 90
